8 5
00100
01100
10100
00100
00100
00100
00100
11111
8 5
01100
11100
10100
00100
00100
00100
00100
11111
8 5
01100
11100
10100
00100
00100
00100
00100
00100
8 5
00100
01100
10100
00100
00100
00100
00100
00100
8 5
00100
00100
00100
00100
00100
00100
00100
00100
8 5
00000
00100
00100
00100
00100
00100
00100
00000
8 5
00000
00100
01100
00100
00100
00100
01110
00000
8 5
00100
01100
00100
00100
00100
00100
01110
00000
8 5
00100
01100
00100
00100
00100
00100
00100
01110
